13800100001
13800100002
13800100003
13800100004
13800100005
13800100006
13800100007
13800100008
13800100009
13800100010

13910120001
13910120002
13910120003
13910120004
13910120005
13910120006
13910120007
13910120008
13910120009
13910120010

15012340001
15012340002
15012340003
15012340004
15012340005
15012340006
15012340007
15012340008
15012340009
15012340010

15156780001
15156780002
15156780003
15156780004
15156780005
15156780006
15156780007
15156780008
15156780009
15156780010

16688880001
16688880002
16688880003
16688880004
16688880005
16688880006
16688880007
16688880008
16688880009
16688880010

17090010001
17090010002
17090010003
17090010004
17090010005
17090010006
17090010007
17090010008
17090010009
17090010010

17634560001
17634560002
17634560003
17634560004
17634560005
17634560006
17634560007
17634560008
17634560009
17634560010

18077770001
18077770002
18077770003
18077770004
18077770005
18077770006
18077770007
18077770008
18077770009
18077770010

18622220001
18622220002
18622220003
18622220004
18622220005
18622220006
18622220007
18622220008
18622220009
18622220010

19955550001
19955550002
19955550003
19955550004
19955550005
19955550006
19955550007
19955550008
19955550009
19955550010

19866660001
19866660002
19866660003
19866660004
19866660005
19866660006
19866660007
19866660008
19866660009
19866660010